Initial population:
Generation 0:
7   17  23  1   12  19  21  11  10  22  13  20  2   4   18  5   14  16  3   6   24  8   9   15  7   fitness   0.432743
23  6   3   9   20  14  17  2   19  21  4   13  16  10  11  22  15  12  5   7   24  1   8   18  23  fitness   0.429242
4   13  14  21  19  2   6   10  11  23  16  17  9   5   15  22  3   1   8   18  24  12  20  7   4   fitness   0.428857
24  4   6   14  1   20  9   8   22  18  10  5   3   13  2   7   11  15  16  21  17  19  12  23  24  fitness   0.42227
17  22  13  10  8   23  18  4   3   6   20  7   21  14  12  16  2   15  24  5   1   19  11  9   17  fitness   0.407534
12  11  16  20  2   6   23  7   13  8   9   1   24  17  14  10  22  19  4   5   15  21  3   18  12  fitness   0.39987
11  9   21  16  5   22  3   10  20  12  23  6   19  8   24  15  17  14  4   13  1   2   18  7   11  fitness   0.394494
17  18  22  15  8   14  20  1   4   16  19  24  13  9   6   23  7   12  5   10  21  11  2   3   17  fitness   0.393378
19  5   3   2   24  17  21  23  6   15  14  7   10  22  1   20  12  13  11  16  4   9   18  8   19  fitness   0.392926
16  14  11  4   5   24  23  20  3   1   13  17  8   15  6   19  2   12  7   22  10  9   21  18  16  fitness   0.390265
6   13  7   3   15  9   19  4   14  1   16  23  10  20  24  12  21  11  18  5   22  2   8   17  6   fitness   0.388694
10  9   1   22  19  12  11  14  6   23  2   4   24  8   3   13  17  5   15  7   18  16  21  20  10  fitness   0.387487
11  15  3   10  14  4   17  12  21  1   23  19  9   7   20  13  16  8   2   6   22  18  5   24  11  fitness   0.380246
5   23  21  4   3   12  10  2   22  19  6   20  18  16  17  7   14  8   24  11  1   13  15  9   5   fitness   0.379318
18  17  10  7   1   13  14  6   5   12  11  20  24  23  21  15  9   3   22  16  2   4   19  8   18  fitness   0.369674
20  18  19  14  9   5   1   17  15  7   23  8   2   3   12  10  11  13  22  21  24  4   6   16  20  fitness   0.369497
1   8   2   12  18  7   13  3   6   24  5   11  16  19  15  14  22  9   10  21  4   23  17  20  1   fitness   0.363244
22  11  17  18  9   16  23  12  19  4   24  15  3   2   8   21  10  13  6   14  7   1   5   20  22  fitness   0.360607
24  11  23  14  2   12  10  9   16  3   7   4   22  19  8   1   17  13  5   6   15  21  20  18  24  fitness   0.353639
8   12  3   22  16  15  6   18  4   7   1   21  2   11  5   9   17  23  14  19  10  13  24  20  8   fitness   0.351152
5   18  16  20  14  13  15  3   7   10  2   9   12  11  8   1   23  19  24  17  22  21  6   4   5   fitness   0.347782
19  5   16  13  10  22  21  17  1   4   23  8   14  11  2   20  3   9   18  12  7   24  6   15  19  fitness   0.345819
23  5   9   17  16  12  10  7   11  6   2   24  3   21  18  14  8   13  20  4   19  1   22  15  23  fitness   0.334236
1   22  20  4   3   24  9   5   19  16  18  21  23  15  13  7   12  2   17  11  8   6   14  10  1   fitness   0.327446

Generation min fitness: 0.327446
Generation max fitness: 0.432743
Generation avg fitness: 0.381267



Generation 20000:
7   14  21  9   16  15  10  11  8   5   4   22  23  18  2   3   19  13  1   24  12  6   20  17  7   fitness   1.08657
7   14  21  9   16  15  10  11  8   5   4   22  23  18  2   3   19  13  1   24  12  6   20  17  7   fitness   1.08657
7   14  20  9   16  15  10  11  8   5   4   22  23  18  2   3   19  13  1   24  12  6   21  17  7   fitness   0.983716
7   14  21  9   16  15  8   11  10  19  3   22  23  18  2   4   13  5   1   24  12  6   20  17  7   fitness   0.854801
7   14  10  9   16  15  21  11  8   4   5   22  23  18  2   3   19  13  1   24  12  6   20  17  7   fitness   0.810595
7   14  21  9   16  6   10  11  8   5   4   22  23  18  2   3   19  13  1   24  12  15  20  17  7   fitness   0.772149
7   14  21  9   16  15  10  4   8   5   20  22  23  18  2   3   19  13  1   24  12  6   11  17  7   fitness   0.726947
2   14  21  9   16  15  10  11  8   5   4   22  23  18  6   3   19  13  1   24  12  7   20  17  2   fitness   0.709975
7   14  21  9   5   15  10  11  8   16  4   22  23  18  2   13  17  3   1   24  12  6   20  19  7   fitness   0.691818
13  14  21  9   16  7   10  11  8   5   23  22  19  18  2   3   4   15  1   24  12  6   20  17  13  fitness   0.688297
7   10  13  9   11  15  16  14  8   5   4   22  23  18  2   3   19  21  1   24  12  6   20  17  7   fitness   0.682047
16  14  8   9   7   15  10  3   21  5   4   22  23  18  2   11  19  13  1   24  12  6   20  17  16  fitness   0.659517
1   14  21  10  16  15  8   7   9   5   4   22  23  18  2   3   19  13  11  24  12  6   20  17  1   fitness   0.650014
7   14  21  4   16  15  10  6   8   5   9   22  23  18  2   3   19  13  1   24  12  11  20  17  7   fitness   0.630675
13  11  21  9   16  15  10  14  8   17  4   22  18  2   23  3   19  7   1   24  12  6   20  5   13  fitness   0.624451
7   14  4   2   16  15  10  21  8   5   11  22  23  3   9   18  19  13  1   24  12  6   20  17  7   fitness   0.609788
7   24  21  9   16  1   10  11  8   5   15  22  23  18  2   3   19  13  4   14  12  6   20  17  7   fitness   0.581789
7   14  21  4   16  15  10  11  8   5   9   24  23  12  2   3   19  13  1   22  18  6   20  17  7   fitness   0.565601
7   10  14  9   16  2   3   11  6   5   4   22  23  18  15  8   19  13  1   24  12  21  20  17  7   fitness   0.550495
7   14  21  9   22  15  10  18  8   5   4   16  23  11  2   3   19  13  1   24  12  6   20  17  7   fitness   0.532665
24  14  8   9   16  15  10  6   21  5   22  19  23  18  2   3   4   13  1   7   12  11  20  17  24  fitness   0.526823
7   14  21  9   16  15  10  6   8   2   4   22  23  17  5   3   19  13  1   24  12  11  20  18  7   fitness   0.519189
17  21  14  9   16  8   10  11  12  5   4   22  23  1   2   3   19  20  18  24  15  6   13  7   17  fitness   0.499011
10  2   21  3   16  15  23  11  8   5   4   22  1   18  14  9   19  13  7   24  12  6   20  17  10  fitness   0.426049

Generation min fitness: 0.426049
Generation max fitness: 1.08657
Generation avg fitness: 0.686231

Distance calculated: 92.0328

7   14  21  9   16  15  10  11  8   5   4   22  23  18  2   3   19  13  1   24  12  6   20  17  7   fitness   1.08657
